$ANSIBLE_VAULT;1.1;AES256
31376162303362626164303831343766626163653531333364613230316339366666383535353235
3734623836323836326162346563366538653939623264630a333535386530376235313133393738
33633630323639643731633932363932316230356464623636333332333464343364383961306562
3165633865633630310a313661366565326630323838636464643164393166323737366334373530
63373166666664653764393161373330353031303066386535613034353233343938623766656631
64363534613433373333313130333863346364363237326166303233656632623233356564366638
39313364616137383536333963366561313438633963326131626166636430366634666438633135
64653234633361353635373031333963303037633136643964333932363566653939313464383233
66326239623839383233623834366563363764613065333261376230343631383362383962316261
35353366323633303131313734383366636431653433626632313234653330343237376233666663
33626430306430383065366364366237626539376365393238623231663662303263623061623031
63363438643735316637383931303538353065353264336139326533393131373965383164333861
32313139353832613666373632306238336466636238383363613136353666313838333265363461
38343961386532353831356461653463666162383037623463383865663037316237383966316565
62346635386635636637323934326233313532303035666364373366393237643564613834323833
33653030396438323638396139366263666336373137346463313863323061313035333532343637
38633030383232623335643333353061633464336536663136373038646132633533666231653739
33383237613137346162626262303465303938323435623337653762346435343666643864653930
38646238383833313732633634316236646332316237303231373233636639633136373839316639
36656565376661653163386237306264326438343866336434326637653563323238636364306133
62303732313364333433613639336432303262656439313430373766393732633563386131643166
64313431346238383638323864356336326434303134363262633738653436333631366262326661
61316230646137623334366365303963623363653437316534383136646334646239386461663435
64346233353433313539376639646535663966613230373131623131623838346436376661643031
35373238306435313736363365393864386433653334303132633730333739396364316530326239
34336538663230616666363137323065616638303461666561316365373466363162326534643230
38303536366661316563346431653631306336656164393263346635333936633934633363616330
36333932656566363738616330393536313439626230666666386563346634633837343034383063
64623832623338366336383566616434343932353236663735343031303662626334386362313036
30653536303332393234303465353638323762633666313337373630383839383666663562383561
65333932363162323063393966323031626239356433666663623764366430366465643734623465
61653534616664303964653831376133663738623133343162633430306365626430663338656262
30333535336431366465333430653764363866633539383966373464656631613765306433376234
62383737633439343837333933373434396663623766346535616537636430343063333837326465
35303237613432613334313438653665313838383066663963373539343133326333336535626265
62383963623664326530373734646532386331396336326431633837663731363265653263633339
30616439616235633038653338373565346530656532666539656639363433316365366338333932
35353665643864383038373637616264636162353031376134653063333565616338363461653361
66353138353863323632336539633833326135353862326661356534383036303234333362386362
61643138643665636230396139373465356233336631353933313730336261323034333132333931
33613766386166613036636430646366303535303038303766643662653466353032363536356430
32653664363466346637353638613233613631366234326361386134353330643435303864306332
32323833646538353035323534323138366435633066663666663630383430346264393236616665
38633861373366653931353433393038313536613035333438363662313037626334613930663065
65383663643931663938343830356261383030326536363862656630306637356639353938626633
64303335306166646365333963313865326665376162633331633336363165663964313163393336
38626631346438376532353433313538316234396661316665336664616164616166323764636531
65646535313534366361323763626465363465653339623562323333623031343462333961336636
62393266623463353866363836306535663534303530323439333064343836316533663164393133
63646265313264333231653932356231613366616133363830616231653132343137323937633538
31366665356134663335613364363239353665636664313131306331313662636337386463336630
33393430363633623766323061666562653936383834643934613061633639363436386231326564
65643537333263623235383137353335326531323936613261376263646534663036376639633435
63623539363032356361616364616637353639303063623532616632666464646333393166326563
63633930643864373166653733343838643534383230363333386561666634356231363733393936
31333138633032366534613134393530643631653634363934323333666266303234366337633934
37386132373262343665393937323765646536663530313034346166386233613762313034353738
63666432653534616537376139366365343835333862343335626433636664643964653836316161
63653363653733363662343534623939326330656231386432623536346230643361326361663366
34323537313663616130326361666661323031346365323735376134663861373863396335396166
32396636623839373562306330373431373366366435376461343633646465306134643062633831
31383538626439303230336434363934383631666634336664653134643962393334396634333832
62396264633837663664396262666363646430656637356665323431333932616666636563316665
66303430656137646336346335356563346134333666366134626663653135636461383737613465
37323230626663376634396632363235393664376566613137646664666132626261643430646332
33303939373636636337623263643338656362376536356462626464333865613738643163393635
61636666636164633735666331366265646161663232376264633035643162333861656662653866
35366662663536373933666464616261333239313134323039346331323962656336666233626130
38316464376136306135636661666361373038623866666263323564633036333765333963316639
30666530353461383664346436373739623362373565653436636464346566616432653636613739
30373261306562656637306531653862376463326134333638646665336531366365383737343063
35333638363365393734363736623235656335626161646139626134393063333035393665613165
62353431396161653561343366663736363865316264313664626332343431323033376335356132
64363364623463396237333531643830613930366633303736656138626130353633323334333364
36353833393765633039383662353738303232636466313862363663373732323239663764626631
39666334316333663666333639333862336635313065353433613562626163313139633438643735
61653634373764633039656266633861313461633638663030343930353563616463346137616164
61373837376236653734666531323063663937373066633330356365656637616465623639376138
61363562663031373365313264646338366636643163643839623537616232623939363534623436
65663033636664313166393439356565633762393666323662383930613862306633386162393134
66343565626263336263323430346138346334653739343930613939633062326437616637613561
65303834653730326236356465373764303465663337383338376631343962383335373630626532
39326363393033383831333530346232353136396637343939623235656331343963363063346563
36656435343561363933376438626462643132323135343463353262363439353938343061303865
63346335326263643138393766313535326634303533626437666133353639326137343537653161
65656539363161616639303033663435373139373466363439323132353538343236353337383432
63393164366234636162346237343464383432323965643239373531306333313233356534393230
38643938396530383634633164346438353636306265623434653863666638333136303666653038
30383531613934633938613761346538646234343333353834633764326334353235363738323333
35303732303762373831366633386666643361303737333138366432326566633832636438313033
62303364646266663932623535383739323736383562653965333361343039386462336538633830
32666538373833623764613062386239353466653637326661336161633730363832323263613164
30626332393030616162323139643064373739613065313861353666666137316434623430613836
32336237626162303166653664316566636637383166366266346364383166313032623834346138
66653061373164356538333934363936386131386566386535363734396333666666646334643836
34386637343134653363653661303638616463396539363364653063393666656539323763636633
37643161646164616535643034643066323234366132306334623966653766313533643131643663
33336161343336653865363964333462666465313131653837643861323535323035313039366132
39343938666461636132326330633830336634623630333535656430646531643062653231346134
32653333646366316637646431633563633761346561376264653535346133666463333362383339
64666165313439663730616539336566353536353864316165356433393861643831326537303930
63316431623332313333376136373432306633626633373936386262343762626635353266623632
39666136306432303063363939336130663638316239343264626666353461653836353263396564
38613461396661346237373131373238616432353334646666336536666263663339303361353961
65333364653434373234366562386364373438326531366261643862303437376364393338333664
65323135636663356662306165306235643361353532616630633732666233626538343339383033
31666662643166396130386336323736626139623534633333353531616436623139663035616230
36633235363039326462653739376631623761396233633664336533643236376433373362663937
64306363336334313366303432363832653963373566373335656161326535633033333535616632
63323465333731613331333036396532356234616264393430336131643836323963396338383763
64386131613436383763653864623066356561653339383161346636656230616335653030616662
35316639643062313631626134373364393131353739323761303361306365386462633333323139
62316466326331383762353836366438633665366237383962313237656537613137323665366537
36336662376366323634313364383837396237623331313435633966656231383261373231373263
66313132363330303332396463306166356232343337323731383261643462393333376163666364
30346635333439666431643233323436323238633465643635646636313261653362303932633361
34633131373338363036346438336162326332643438336262396166343639346337366331643933
33323063663531316539393239623464653761363736326438643864333464333337653461303238
34363435343632643231383064646465313636613434623065633734313063663162636632353335
33306334356539356264316136613133636435393031376336643036633030626561636366393235
32656536643565613166313738323737376461623764396661616161663238623362396234376162
66363739373764626166313162663064306333646665326635323734323733636534313464366662
35343035346163363336363462306335353964646262306139393163383561383836666264656233
30383233383434323465336336353634633537363962653638386636303963303931633238363966
33303136653164336362643538656330323766356462326165306465343462303932356662623061
32633134333265613530346465303937643333306139616164386435633230396562303332366464
61663738353030626337666536383934316462393061636436343638353064393336623336326434
65626532636437346439306538366337623561393065303230386533653135363136643837626134
35346230323564633536393639373861613231666334303839636632326461336464633933633161
62306666643234656263303535363765343337316230326263353232623663386236646665323265
37613061613239333335646666333330336561363135646462316630363831303031346566323161
35636232366136343634393961386430653961616464366435656239376439393932323736636163
38313963393265616430393565316662646664303062383230383463396631333737643731303664
3638343133663830313366633463336639363364326665316161
